2 3 8 9 22 27 
10 11 22 25 30 31 
5 13 20 22 23 26 
5 9 12 19 30 32 
12 18 20 21 27 31 
2 4 15 19 20 25 
4 7 8 10 12 26 
12 15 17 22 28 29 
2 14 17 18 26 30 
11 19 24 26 27 28 
6 9 10 17 20 24 
7 13 17 25 27 32 
3 4 5 11 17 21 
3 7 16 20 28 30 
7 9 11 15 18 23 
3 12 14 23 24 25 
9 16 21 25 26 29 
2 6 11 12 13 16 
8 16 17 19 23 31 
6 7 14 19 21 22 
5 10 14 15 16 27 
8 11 14 20 29 32 
2 5 7 24 29 31 
8 13 15 21 24 30 
3 10 13 18 19 29



4 11 13 15 31 32 
9 18 24 25 27 31 
3 10 12 19 26 31 
3 8 16 23 27 32 
8 10 13 17 25 28 
2 7 8 11 24 26 
6 13 16 19 22 24 
2 5 12 13 20 27 
5 7 14 16 17 31 
4 7 10 21 22 27 
2 9 17 19 21 32 
10 14 20 24 30 32 
3 11 17 18 20 22 
2 22 23 28 30 31 
2 10 15 16 18 29 
13 14 18 21 23 26 
5 22 25 26 29 32 
3 5 15 21 24 28 
4 12 17 23 24 29 
11 12 16 21 25 30 
2 3 4 6 14 25 
4 9 16 20 26 28 
6 8 20 21 29 31 
6 15 17 26 27 30 
3 7 9 13 29 30